model	label	dataset	concurrency	pct_of_gpu	calls	mean_us	category	shape_status	sglang_relevant	kernel	top_cpu_ops	sample_shape_provenance	sample_shapes_json
inclusionAI/LLaDA2.1-flash	random_high	random	high	44.8450	16616	72.91	moe	ok	True	fused_moe_kernel	aten::_local_scalar_dense	timestamp_enclosure	"{""Concrete Inputs"": [""""], ""Input Dims"": [[]], ""Input Strides"": [[]], ""Input type"": [""bool""]}"
inclusionAI/LLaDA2.1-flash	random_high	random	high	8.7961	8308	28.60	gemm	ok	True	void cutlass::Kernel2<cutlass_80_simt_sgemm_64x64_8x5_tn_align1>(cutlass_80_simt_sgemm_64x64_8x5_tn_align1::Params)	aten::_local_scalar_dense	timestamp_enclosure	"{""Concrete Inputs"": [""""], ""Input Dims"": [[]], ""Input Strides"": [[]], ""Input type"": [""bool""]}"
inclusionAI/LLaDA2.1-flash	random_high	random	high	5.0873	8576	16.03	gemm	ok	True	void cutlass::device_kernel<cutlass::fmha::kernel::Sm100FmhaFwdKernelTmaWarpspecialized<cute::tuple<cutlass::fmha::collective::VariableLength, cutlass::fmha::collective::VariableLength, int, cute::tuple<cute::tuple<int, int>, int> >, cutlass::fmha::collective::Sm100FmhaFwdMainloopTmaWarpspecialized<cutlass::bfloat16_t, float, float, cute::tuple<cute::C<256>, cute::C<128>, cute::C<128> >, cute::tuple<cute::C<256>, cute::C<128>, cute::C<128> >, cute::tuple<int, cute::C<1>, cute::tuple<int, int> >, cute::tuple<int, cute::C<1>, cute::tuple<cute::C<0>, int> >, cute::tuple<cute::C<1>, int, cute::tuple<cute::C<0>, int> >, cutlass::fmha::collective::ResidualMask, cute::tuple<cute::C<2>, cute::C<1>, cute::C<1> > >, cutlass::fmha::collective::Sm100FmhaFwdEpilogueTmaWarpspecialized<cutlass::bfloat16_t, float, cute::tuple<cute::C<128>, cute::C<128>, cute::C<128> > >, cutlass::fmha::kernel::HostPrecomputedTileScheduler, cutlass::fmha::kernel::Sm100FmhaCtxKernelWarpspecializedSchedule> >(cutlass::fmha::kernel::Sm100FmhaFwdKernelTmaWarpspecialized<cute::tuple<cutlass::fmha::collective::VariableLength, cutlass::fmha::collective::VariableLength, int, cute::tuple<cute::tuple<int, int>, int> >, cutlass::fmha::collective::Sm100FmhaFwdMainloopTmaWarpspecialized<cutlass::bfloat16_t, float, float, cute::tuple<cute::C<256>, cute::C<128>, cute::C<128> >, cute::tuple<cute::C<256>, cute::C<128>, cute::C<128> >, cute::tuple<int, cute::C<1>, cute::tuple<int, int> >, cute::tuple<int, cute::C<1>, cute::tuple<cute::C<0>, int> >, cute::tuple<cute::C<1>, int, cute::tuple<cute::C<0>, int> >, cutlass::fmha::collective::ResidualMask, cute::tuple<cute::C<2>, cute::C<1>, cute::C<1> > >, cutlass::fmha::collective::Sm100FmhaFwdEpilogueTmaWarpspecialized<cutlass::bfloat16_t, float, cute::tuple<cute::C<128>, cute::C<128>, cute::C<128> > >, cutlass::fmha::kernel::HostPrecomputedTileScheduler, cutlass::fmha::kernel::Sm100FmhaCtxKernelWarpspecializedSchedule>::Params)	aten::_local_scalar_dense	timestamp_enclosure	"{""Concrete Inputs"": [""""], ""Input Dims"": [[]], ""Input Strides"": [[]], ""Input type"": [""bool""]}"
inclusionAI/LLaDA2.1-flash	random_high	random	high	4.2396	17420	6.57	comm	ok	True	void (anonymous namespace)::all_reduce_one_shot_push_kernel<__nv_bfloat16, 2u, true>((anonymous namespace)::AllReducePushData, device::distributed::PushController)	aten::copy_	nearest_preceding_shape_cpu_op	"{""Concrete Inputs"": ["""", """", ""True""], ""Input Dims"": [[352], [352], []], ""Input Strides"": [[1], [1], []], ""Input type"": [""int"", ""int"", ""Scalar""]}"
inclusionAI/LLaDA2.1-flash	random_high	random	high	4.0357	17152	6.36	gemm	ok	True	kernel_cutlass_kernel_flashinfernormkernelsfused_add_rmsnormFusedAddRMSNormKernel_object_at__tensorptrbf16gmemalign128o409640961_tensorptrbf16gmemalign128o409640961_tensorptrbf16gmemalign_0	aten::_local_scalar_dense	timestamp_enclosure	"{""Concrete Inputs"": [""""], ""Input Dims"": [[]], ""Input Strides"": [[]], ""Input type"": [""bool""]}"
inclusionAI/LLaDA2.1-flash	random_high	random	high	3.7265	16884	5.96	quant_gemm	ok	True	nvjet_sm100_tst_64x16_64x16_2x2_2cta_h_bz_TNT	aten::_local_scalar_dense | aten::as_strided	timestamp_enclosure	"{""Concrete Inputs"": [""""], ""Input Dims"": [[]], ""Input Strides"": [[]], ""Input type"": [""bool""]}"
inclusionAI/LLaDA2.1-flash	random_high	random	high	3.3530	8576	10.56	attention	ok	True	void flashinfer::BatchPrefillWithPagedKVCacheKernel<flashinfer::KernelTraits<(flashinfer::MaskMode)0, 128u, 2u, 4u, 8u, 8u, 4u, 1u, (flashinfer::PosEncodingMode)0, __nv_bfloat16, __nv_bfloat16, __nv_bfloat16, float, int, flashinfer::DefaultAttention<false, false, false, false> >, PagedParams>(PagedParams)	aten::_local_scalar_dense	timestamp_enclosure	"{""Concrete Inputs"": [""""], ""Input Dims"": [[]], ""Input Strides"": [[]], ""Input type"": [""bool""]}"
inclusionAI/LLaDA2.1-flash	random_high	random	high	2.7126	8844	8.29	quant_gemm	ok	True	nvjet_sm100_tst_32x64_64x16_4x1_v_bz_TNN	aten::_local_scalar_dense	timestamp_enclosure	"{""Concrete Inputs"": [""""], ""Input Dims"": [[]], ""Input Strides"": [[]], ""Input type"": [""bool""]}"
